camera_data:
  - eye: [-0.519556, 0.119797, -0.591875]
    lookat: [0, 0, 0]
    up: [0.0, 1.0, 0.0]
    vfov: 60.0
  - eye: [-0.278133, 0.108563, -0.479883]
    lookat: [0.0, 0.0, 0.0]
    up: [0.0, 1.0, 0.0]
    vfov: 35.0
  - eye: [0.0, 0.04, -0.63]
    lookat: [0.0, 0.0, 0.0]
    up: [0.0, 1.0, 0.0]
    vfov: 35.0
  - eye: [0.0, -0.2, -0.63]
    lookat: [0.0, -0.2, 0.63]
    up: [0.0, 1.0, 0.0]
    vfov: 35.0
  - eye: [-43.465564, 470.632643, -842.851190]
    lookat": [332.84030, 323.75006, -193.58344]
    up: [0.0, 1.0, 0.0]
    vfov: 35.0
m_light:
  - is_area_light: 1
    space:
      - anchor: [0.0, 0.2405, 0.0]
        direction: null
        position: [0.0, 0.241, 0.0]
    point_size: 0.08
    v1: [2.8, 0.0, 0.0]
    v2: [0.0, 0.0, 1.0]
    radius: 0.001745329252
    power: [1.0, 1.0, 1.0]
  - is_area_light: 0
    space:
      - position: [0.0, 0.24, 0.0]
        anchor: [0.0, 0.0, 0.0]
        direction: null
    radius: 0.001745329252
    power: [1.0, 1.0, 1.0]
default_radius": 0.0016
blend_mothod:
  - [1.0, 8.0]
  - [1.0, 0.0]
  - [0.0, 1.0]
  - [1.0, 1.0]
filename: "scenes/conference/conference.obj"
