camera_data:
  eye: [0.0583623, -0.0303101, 0.207887]
  lookat: [0.0, 0.0, 0.0]
  up: [0.0, 0.0, 1.0]
  vfov: 35.0
light_data:
  is_area_light: 1
  anchor: [0.0, 0.0, 0.24]
  position: [0.0, 0.0, 0.2401]
  direction: null
  v1: 0.11
  v2: 0.11
  radius: 0.001745329252
  power: [1.0, 1.0, 1.0]
default_radius: 0.0001
blend_mothod: [1.0, 8.0]
filename: "scenes/smallroom/smallroom.obj"
