camera_data:
  eye: [ 0.14535, -0.581432, 0.0578656]
  lookat: [-35.0526, -0.00427008, 1.80002]
  up: [0.0, 1.0, 0.0]
  vfov: 54.0
light_data:
  is_area_light: 1
  position: [-0.184200, -0.2, 0.025917]
  direction: [0.0, -1.0, 0.0]
  v1: 0.1
  v2: 0.05
  radius: 0.03490658504 
  power: [1.0, 1.0, 1.0]
default_radius: 0.0001
blend_mothod: [0.0, 5.0]
filename: "scenes/sibenik/sibenik.obj"