camera_data:
  eye: [0.6, -0.05, 0.0]
  lookat: [0.0, 0.0, 0.0]
  up: [0.0, 1.0, 0.0]
  vfov: 35.0
light_data:
  is_area_light: 1
  target: [0.0, 0.0, 0.0]
  position: [0.111674, 0.034447, 0.121475]
  direction: null
  radius: 0.001745329252 
  power: [1.0, 1.0, 1.0]
  v1: 0.01
  v2: 0.01
default_radius: 0.0001
blend_mothod: [1.0, 1.0]
filename: "scenes/clocks/clocks.obj"