camera_data:
  eye: [0.93709, 0.068026, 1.17512]
  lookat: [0.0, -0.35, 0.0]
  up: [0.0, 1.0, 0.0]
  vfov: 30.0
light_data:
  is_area_light: 1
  anchor: [0.245302, 0.117013, -0.196241]
  direction: [-0.469841, -0.79873, 0.375873]
  position: [0.25, 0.125, -0.2]
  v1: 0.01
  v2: 0.01
  radius: 0.03490658504
  power: [1.0, 1.0, 1.0]
default_radius: 0.0001
blend_mothod: [1.0, 8.0]
filename: "scenes/torus/torus_maya.obj"

