camera_data:
  eye: [2.0, 1.0, 2.0]
  lookat: [0.0, 0.0, 0.0]
  up: [0.0, 1.0, 0.0]
  vfov: 35.0
light_data:
  is_area_light: 1
  target: [0.0, 0.0, 0.0]
  direction: null
  position:  [0.151753, -0.508183, -0.0638461]
  v1: 0.01
  v2: 0.01
  radius: 0.03490658504 
  power: [1.0, 1.0, 1.0]
default_radius: 0.001
blend_mothod: [0.0, 1.0]
filename: "scenes/Diamond/Diamond.obj"