camera_data:
  eye: [0.441963,0.415519,2.43209]
  lookat: [0.0, 0.0, 0.0]
  up: [0.0, 1.0, 0.0]
  vfov: 35.0
light_data:
  is_area_light: 1
  target: [0.0, 0.0, 0.0]
  direction: null
  position: [0.1553, -0.6083, 0.03615]
  v1: 0.01
  v2: 0.01
  radius: 0.03490658504 
  power: [0.0, 0.0, 1.0]
default_radius: 0.001
blend_mothod: [0.0, 2.0]
refraction_facter: 2.517
filename: "scenes/Diamond/Diamond.obj"