camera_data:
  eye: [-0.462603, 0.204225, -0.0165347]
  lookat: [0.0, 0.0, 0.0]
  up: [0.0, 1.0, 0.0]
  vfov: 35.0
light_data:
  is_area_light: 1
  anchor: [0.0, 0.45, 0.0]
  position: [0.0, 0.47, 0.0]
  direction: null
  v1: 0.588
  v2: 0.126
  radius: 0.03490658504
  power: [1.0, 1.0, 1.0]
default_radius: 0.0016
blend_mothod: [1.0, 8.0]
filename: "scenes/sponza/sponza.obj"

